0 1
0 2
0 3
0 4
0 5
0 6
0 7
0 8
0 9
0 10
0 11
0 12
0 13
0 14
0 15
0 16
0 17
0 18
0 19
0 20
0 21
0 22
0 23
0 24
0 25
0 26
0 27
0 28
0 29
0 30
0 31
0 32
33 34
33 35
33 36
33 37
33 38
33 39
33 40
33 41
33 42
33 43
44 34
44 45
44 46
44 47
44 48
44 12
44 49
44 15
44 50
44 51
44 52
44 31
44 32
53 48
53 54
53 55
56 57
56 58
56 37
56 59
56 52
34 33
34 44
34 60
34 61
34 62
34 28
34 63
64 65
64 66
64 67
64 68
64 69
64 50
64 21
64 70
71 35
71 3
71 13
71 72
65 64
65 73
65 74
65 61
65 75
65 40
65 76
65 77
65 31
78 79
78 80
78 81
78 82
1 0
1 67
1 83
1 84
1 85
86 7
86 87
86 88
89 90
89 91
73 65
92 18
35 33
35 71
35 3
35 93
35 94
35 58
35 95
35 40
35 96
35 52
35 97
36 33
36 98
36 99
36 38
36 16
36 100
79 78
79 101
79 67
79 102
79 95
79 40
79 103
79 88
79 104
45 44
45 48
45 12
45 105
106 99
106 11
106 107
106 49
106 50
106 105
108 48
109 54
109 17
109 100
109 110
57 56
57 111
57 48
57 112
57 70
113 3
113 68
113 114
113 115
66 64
66 7
116 81
116 48
116 117
116 72
116 118
116 110
116 119
2 0
3 0
3 71
3 35
3 113
3 95
3 120
3 59
3 121
3 26
122 7
122 87
122 123
122 124
4 0
4 75
4 32
93 35
93 11
93 125
111 57
111 61
111 99
111 28
111 110
101 79
101 126
98 36
98 50
67 64
67 1
67 79
67 46
67 82
67 127
67 42
67 121
67 26
5 0
5 48
60 34
94 35
94 128
129 41
129 70
58 56
58 35
80 78
80 40
46 44
46 67
46 130
46 28
81 78
81 116
81 112
6 0
6 9
6 131
7 0
7 86
7 66
7 122
7 102
7 52
132 28
74 65
47 44
47 82
47 133
47 134
8 0
135 136
137 68
48 44
48 53
48 45
48 108
48 57
48 116
48 5
48 50
48 138
48 139
48 21
68 64
68 113
68 137
68 120
61 34
61 65
61 111
61 105
61 59
61 25
61 70
61 140
141 75
141 99
141 41
141 100
75 65
75 4
75 141
75 142
75 143
75 119
102 79
102 7
82 78
82 67
82 47
90 89
90 16
99 36
99 106
99 111
99 141
99 50
99 128
99 22
37 33
37 56
38 33
38 36
9 0
9 6
10 0
95 35
95 79
95 3
95 39
11 0
11 106
11 93
11 144
11 54
11 50
11 112
69 64
126 101
145 50
127 67
127 42
83 1
146 49
39 33
39 95
39 50
39 42
107 106
120 3
120 68
147 148
149 142
12 0
12 44
12 45
12 41
40 33
40 65
40 35
40 79
40 80
40 59
144 11
117 116
117 112
103 79
103 70
114 113
76 65
76 50
76 138
49 44
49 106
49 146
49 136
13 0
13 71
13 16
150 151
150 84
62 34
54 53
54 109
54 11
14 0
152 70
15 0
15 44
91 89
50 44
50 64
50 106
50 98
50 48
50 99
50 11
50 145
50 39
50 76
50 21
50 153
50 154
50 118
50 28
112 57
112 81
112 11
112 117
16 0
16 36
16 90
16 13
136 135
136 49
136 155
41 33
41 129
41 141
41 12
41 156
87 86
87 122
42 33
42 67
42 127
42 39
130 46
105 45
105 106
105 61
138 48
138 76
59 56
59 3
59 61
59 40
43 33
43 118
131 6
128 94
128 99
17 0
17 109
139 48
151 150
121 3
121 67
18 0
18 92
133 47
19 0
96 35
96 100
123 122
20 0
100 36
100 109
100 141
100 96
84 1
84 150
72 71
72 116
148 147
21 0
21 64
21 48
21 50
142 75
142 149
153 50
22 0
22 99
22 24
23 0
55 53
55 52
51 44
24 0
24 22
154 50
25 0
25 61
143 75
70 64
70 57
70 129
70 61
70 103
70 152
52 44
52 56
52 35
52 7
52 55
118 116
118 50
118 43
155 136
88 86
88 79
134 47
77 65
26 0
26 3
26 67
27 0
28 0
28 34
28 111
28 46
28 132
28 50
97 35
124 122
157 158
125 93
140 61
29 0
30 0
110 109
110 116
110 111
63 34
119 116
119 75
158 157
85 1
31 0
31 44
31 65
104 79
32 0
32 44
32 4
115 113
156 41